30 30 10
1
3
2
4
3
1
4
2
5
7
6
8
7
5
8
6
9
11
10
12
11
9
12
10
13
15
14
16
15
13
16
14
17
19
18
20
19
17
20
18
21
23
22
24
23
21
24
22
25
27
26
28
27
25
28
26
1
3
2
4
3
1
4
2
5
7
6
8
7
5
8
6
9
11
10
12
11
9
12
10
13
15
14
16
15
13
16
14
17
19
18
20
19
17
20
18
21
23
22
24
23
21
24
22
25
27
26
28
27
25
28
26
1
3
2
4
3
1
4
2
5
7
6
8
7
5
8
6
9
11
10
12
11
9
12
10
13
15
14
16
15
13
16
14
17
19
18
20
19
17
20
18
21
23
22
24
23
21
24
22
25
27
26
28
27
25
28
26
1
3
2
4
3
1
4
2
5
7
6
8
7
5
8
6
9
11
10
12
11
9
12
10
13
15
14
16
15
13
16
14
17
19
18
20
19
17
20
18
21
23
22
24
23
21
24
22
25
27
26
28
27
25
28
26
1
3
2
4
3
1
4
2
5
7
6
8
7
5
8
6
9
11
10
12
11
9
12
10
13
15
14
16
15
13
16
14
17
19
18
20
19
17
20
18
21
23
22
24
23
21
24
22
25
27
26
28
27
25
28
26
1
3
2
4
3
1
4
2
5
7
6
8
7
5
8
6
9
11
10
12
11
9
12
10
13
15
14
16
15
13
16
14
17
19
18
20
19
17
20
18
21
23
22
24
23
21
24
22
25
27
26
28
27
25
28
26
1
3
2
4
3
1
4
2
5
7
6
8
7
5
8
6
9
11
10
12
11
9
12
10
13
15
14
16
15
13
16
14
17
19
18
20
19
17
20
18
21
23
22
24
23
21
24
22
25
27
26
28
27
25
28
26
1
3
2
4
3
1
4
2
5
7
6
8
7
5
8
6
9
11
10
12
11
9
12
10
13
15
14
16
15
13
16
14
17
19
18
20
19
17
20
18
21
23
22
24
23
21
24
22
25
27
26
28
27
25
28
26
1
3
2
4
3
1
4
2
5
7
6
8
7
5
8
6
9
11
10
12
11
9
12
10
13
15
14
16
15
13
16
14
17
19
18
20
19
17
20
18
21
23
22
24
23
21
24
22
25
27
26
28
27
25
28
26
1
3
2
4
3
1
4
2
5
7
6
8
7
5
8
6
9
11
10
12
11
9
12
10
13
15
14
16
15
13
16
14
17
19
18
20
19
17
20
18
21
23
22
24
23
21
24
22
25
27
26
28
27
25
28
26
1
3
2
4
3
1
4
2
5
7
6
8
7
5
8
6
9
11
10
12
11
9
12
10
13
15
14
16
15
13
16
14
17
19
18
20
19
17
20
18
21
23
22
24
23
21
24
22
25
27
26
28
27
25
28
26
1
3
2
4
3
1
4
2
5
7
6
8
7
5
8
6
9
11
10
12
11
9
12
10
13
15
14
16
15
13
16
14
17
19
18
20
19
17
20
18
21
23
22
24
23
21
24
22
25
27
26
28
27
25
28
26
1
3
2
4
3
1
4
2
5
7
6
8
7
5
8
6
9
11
10
12
11
9
12
10
13
15
14
16
15
13
16
14
17
19
18
20
19
17
20
18
21
23
22
24
23
21
24
22
25
27
26
28
27
25
28
26
1
3
2
4
3
1
4
2
5
7
6
8
7
5
8
6
9
11
10
12
11
9
12
10
13
15
14
16
15
13
16
14
17
19
18
20
19
17
20
18
21
23
22
24
23
21
24
22
25
27
26
28
27
25
28
26
1
3
2
4
3
1
4
2
5
7
6
8
7
5
8
6
9
11
10
12
11
9
12
10
13
15
14
16
15
13
16
14
17
19
18
20
19
17
20
18
21
23
22
24
23
21
24
22
25
27
26
28
27
25
28
26
