1.8869 1.8712 1.8843 1.9009 1.8912
0.0015 0.0022 0.0014 0.0011 0.0013
0.0573 0.0562 0.0610 0.0508 0.0613
0.2248 0.2045 0.2430 0.2314 0.2204
1.4349 1.4129 1.4224 1.4649 1.4393
0.2554 0.2535 0.2911 0.2343 0.2424
0.2295 0.2007 0.2003 0.2642 0.2530
0.1754 0.1591 0.1586 0.1924 0.1913
0.1654 0.1677 0.1420 0.1876 0.1644
0.1364 0.1307 0.1471 0.1483 0.1195
0.1241 0.1144 0.1371 0.1467 0.0981
0.1391 0.1390 0.1607 0.1300 0.1267
0.1222 0.1104 0.1403 0.1380 0.0999
0.1190 0.1148 0.1317 0.1260 0.1035
0.1236 0.1135 0.1383 0.1334 0.1093
0.1146 0.1141 0.1283 0.0972 0.1190
0.1056 0.1137 0.0971 0.0970 0.1146
0.1098 0.1132 0.0989 0.1039 0.1232
0.1019 0.0942 0.1106 0.1118 0.0910
0.1130 0.1333 0.1012 0.1190 0.0982
0.8021 0.8148 0.8030 0.7658 0.8247
0.6306 0.6268 0.6779 0.6059 0.6119
0.0879 0.0807 0.0844 0.0996 0.0868
0.0934 0.0926 0.0829 0.0999 0.0982
0.0889 0.0936 0.0974 0.0753 0.0892
