50 50 50
1
3
2
4
3
1
4
2
5
7
6
8
7
5
8
6
9
11
10
12
11
9
12
10
13
15
14
16
15
13
16
14
17
19
18
20
19
17
20
18
21
23
22
24
23
21
24
22
25
27
26
28
27
25
28
26
29
31
30
32
31
29
32
30
33
35
34
36
35
33
36
34
37
39
38
40
39
37
40
38
41
43
42
44
43
41
44
42
45
47
46
48
47
45
48
46
1
3
2
4
3
1
4
2
5
7
6
8
7
5
8
6
9
11
10
12
11
9
12
10
13
15
14
16
15
13
16
14
17
19
18
20
19
17
20
18
21
23
22
24
23
21
24
22
25
27
26
28
27
25
28
26
29
31
30
32
31
29
32
30
33
35
34
36
35
33
36
34
37
39
38
40
39
37
40
38
41
43
42
44
43
41
44
42
45
47
46
48
47
45
48
46
1
3
2
4
3
1
4
2
5
7
6
8
7
5
8
6
9
11
10
12
11
9
12
10
13
15
14
16
15
13
16
14
17
19
18
20
19
17
20
18
21
23
22
24
23
21
24
22
25
27
26
28
27
25
28
26
29
31
30
32
31
29
32
30
33
35
34
36
35
33
36
34
37
39
38
40
39
37
40
38
41
43
42
44
43
41
44
42
45
47
46
48
47
45
48
46
1
3
2
4
3
1
4
2
5
7
6
8
7
5
8
6
9
11
10
12
11
9
12
10
13
15
14
16
15
13
16
14
17
19
18
20
19
17
20
18
21
23
22
24
23
21
24
22
25
27
26
28
27
25
28
26
29
31
30
32
31
29
32
30
33
35
34
36
35
33
36
34
37
39
38
40
39
37
40
38
41
43
42
44
43
41
44
42
45
47
46
48
47
45
48
46
1
3
2
4
3
1
4
2
5
7
6
8
7
5
8
6
9
11
10
12
11
9
12
10
13
15
14
16
15
13
16
14
17
19
18
20
19
17
20
18
21
23
22
24
23
21
24
22
25
27
26
28
27
25
28
26
29
31
30
32
31
29
32
30
33
35
34
36
35
33
36
34
37
39
38
40
39
37
40
38
41
43
42
44
43
41
44
42
45
47
46
48
47
45
48
46
1
3
2
4
3
1
4
2
5
7
6
8
7
5
8
6
9
11
10
12
11
9
12
10
13
15
14
16
15
13
16
14
17
19
18
20
19
17
20
18
21
23
22
24
23
21
24
22
25
27
26
28
27
25
28
26
29
31
30
32
31
29
32
30
33
35
34
36
35
33
36
34
37
39
38
40
39
37
40
38
41
43
42
44
43
41
44
42
45
47
46
48
47
45
48
46
1
3
2
4
3
1
4
2
5
7
6
8
7
5
8
6
9
11
10
12
11
9
12
10
13
15
14
16
15
13
16
14
17
19
18
20
19
17
20
18
21
23
22
24
23
21
24
22
25
27
26
28
27
25
28
26
29
31
30
32
31
29
32
30
33
35
34
36
35
33
36
34
37
39
38
40
39
37
40
38
41
43
42
44
43
41
44
42
45
47
46
48
47
45
48
46
1
3
2
4
3
1
4
2
5
7
6
8
7
5
8
6
9
11
10
12
11
9
12
10
13
15
14
16
15
13
16
14
17
19
18
20
19
17
20
18
21
23
22
24
23
21
24
22
25
27
26
28
27
25
28
26
29
31
30
32
31
29
32
30
33
35
34
36
35
33
36
34
37
39
38
40
39
37
40
38
41
43
42
44
43
41
44
42
45
47
46
48
47
45
48
46
1
3
2
4
3
1
4
2
5
7
6
8
7
5
8
6
9
11
10
12
11
9
12
10
13
15
14
16
15
13
16
14
17
19
18
20
19
17
20
18
21
23
22
24
23
21
24
22
25
27
26
28
27
25
28
26
29
31
30
32
31
29
32
30
33
35
34
36
35
33
36
34
37
39
38
40
39
37
40
38
41
43
42
44
43
41
44
42
45
47
46
48
47
45
48
46
1
3
2
4
3
1
4
2
5
7
6
8
7
5
8
6
9
11
10
12
11
9
12
10
13
15
14
16
15
13
16
14
17
19
18
20
19
17
20
18
21
23
22
24
23
21
24
22
25
27
26
28
27
25
28
26
29
31
30
32
31
29
32
30
33
35
34
36
35
33
36
34
37
39
38
40
39
37
40
38
41
43
42
44
43
41
44
42
45
47
46
48
47
45
48
46
1
3
2
4
3
1
4
2
5
7
6
8
7
5
8
6
9
11
10
12
11
9
12
10
13
15
14
16
15
13
16
14
17
19
18
20
19
17
20
18
21
23
22
24
23
21
24
22
25
27
26
28
27
25
28
26
29
31
30
32
31
29
32
30
33
35
34
36
35
33
36
34
37
39
38
40
39
37
40
38
41
43
42
44
43
41
44
42
45
47
46
48
47
45
48
46
1
3
2
4
3
1
4
2
5
7
6
8
7
5
8
6
9
11
10
12
11
9
12
10
13
15
14
16
15
13
16
14
17
19
18
20
19
17
20
18
21
23
22
24
23
21
24
22
25
27
26
28
27
25
28
26
29
31
30
32
31
29
32
30
33
35
34
36
35
33
36
34
37
39
38
40
39
37
40
38
41
43
42
44
43
41
44
42
45
47
46
48
47
45
48
46
1
3
2
4
3
1
4
2
5
7
6
8
7
5
8
6
9
11
10
12
11
9
12
10
13
15
14
16
15
13
16
14
17
19
18
20
19
17
20
18
21
23
22
24
23
21
24
22
25
27
26
28
27
25
28
26
29
31
30
32
31
29
32
30
33
35
34
36
35
33
36
34
37
39
38
40
39
37
40
38
41
43
42
44
43
41
44
42
45
47
46
48
47
45
48
46
1
3
2
4
3
1
4
2
5
7
6
8
7
5
8
6
9
11
10
12
11
9
12
10
13
15
14
16
15
13
16
14
17
19
18
20
19
17
20
18
21
23
22
24
23
21
24
22
25
27
26
28
27
25
28
26
29
31
30
32
31
29
32
30
33
35
34
36
35
33
36
34
37
39
38
40
39
37
40
38
41
43
42
44
43
41
44
42
45
47
46
48
47
45
48
46
1
3
2
4
3
1
4
2
5
7
6
8
7
5
8
6
9
11
10
12
11
9
12
10
13
15
14
16
15
13
16
14
17
19
18
20
19
17
20
18
21
23
22
24
23
21
24
22
25
27
26
28
27
25
28
26
29
31
30
32
31
29
32
30
33
35
34
36
35
33
36
34
37
39
38
40
39
37
40
38
41
43
42
44
43
41
44
42
45
47
46
48
47
45
48
46
1
3
2
4
3
1
4
2
5
7
6
8
7
5
8
6
9
11
10
12
11
9
12
10
13
15
14
16
15
13
16
14
17
19
18
20
19
17
20
18
21
23
22
24
23
21
24
22
25
27
26
28
27
25
28
26
29
31
30
32
31
29
32
30
33
35
34
36
35
33
36
34
37
39
38
40
39
37
40
38
41
43
42
44
43
41
44
42
45
47
46
48
47
45
48
46
1
3
2
4
3
1
4
2
5
7
6
8
7
5
8
6
9
11
10
12
11
9
12
10
13
15
14
16
15
13
16
14
17
19
18
20
19
17
20
18
21
23
22
24
23
21
24
22
25
27
26
28
27
25
28
26
29
31
30
32
31
29
32
30
33
35
34
36
35
33
36
34
37
39
38
40
39
37
40
38
41
43
42
44
43
41
44
42
45
47
46
48
47
45
48
46
1
3
2
4
3
1
4
2
5
7
6
8
7
5
8
6
9
11
10
12
11
9
12
10
13
15
14
16
15
13
16
14
17
19
18
20
19
17
20
18
21
23
22
24
23
21
24
22
25
27
26
28
27
25
28
26
29
31
30
32
31
29
32
30
33
35
34
36
35
33
36
34
37
39
38
40
39
37
40
38
41
43
42
44
43
41
44
42
45
47
46
48
47
45
48
46
1
3
2
4
3
1
4
2
5
7
6
8
7
5
8
6
9
11
10
12
11
9
12
10
13
15
14
16
15
13
16
14
17
19
18
20
19
17
20
18
21
23
22
24
23
21
24
22
25
27
26
28
27
25
28
26
29
31
30
32
31
29
32
30
33
35
34
36
35
33
36
34
37
39
38
40
39
37
40
38
41
43
42
44
43
41
44
42
45
47
46
48
47
45
48
46
1
3
2
4
3
1
4
2
5
7
6
8
7
5
8
6
9
11
10
12
11
9
12
10
13
15
14
16
15
13
16
14
17
19
18
20
19
17
20
18
21
23
22
24
23
21
24
22
25
27
26
28
27
25
28
26
29
31
30
32
31
29
32
30
33
35
34
36
35
33
36
34
37
39
38
40
39
37
40
38
41
43
42
44
43
41
44
42
45
47
46
48
47
45
48
46
1
3
2
4
3
1
4
2
5
7
6
8
7
5
8
6
9
11
10
12
11
9
12
10
13
15
14
16
15
13
16
14
17
19
18
20
19
17
20
18
21
23
22
24
23
21
24
22
25
27
26
28
27
25
28
26
29
31
30
32
31
29
32
30
33
35
34
36
35
33
36
34
37
39
38
40
39
37
40
38
41
43
42
44
43
41
44
42
45
47
46
48
47
45
48
46
1
3
2
4
3
1
4
2
5
7
6
8
7
5
8
6
9
11
10
12
11
9
12
10
13
15
14
16
15
13
16
14
17
19
18
20
19
17
20
18
21
23
22
24
23
21
24
22
25
27
26
28
27
25
28
26
29
31
30
32
31
29
32
30
33
35
34
36
35
33
36
34
37
39
38
40
39
37
40
38
41
43
42
44
43
41
44
42
45
47
46
48
47
45
48
46
1
3
2
4
3
1
4
2
5
7
6
8
7
5
8
6
9
11
10
12
11
9
12
10
13
15
14
16
15
13
16
14
17
19
18
20
19
17
20
18
21
23
22
24
23
21
24
22
25
27
26
28
27
25
28
26
29
31
30
32
31
29
32
30
33
35
34
36
35
33
36
34
37
39
38
40
39
37
40
38
41
43
42
44
43
41
44
42
45
47
46
48
47
45
48
46
1
3
2
4
3
1
4
2
5
7
6
8
7
5
8
6
9
11
10
12
11
9
12
10
13
15
14
16
15
13
16
14
17
19
18
20
19
17
20
18
21
23
22
24
23
21
24
22
25
27
26
28
27
25
28
26
29
31
30
32
31
29
32
30
33
35
34
36
35
33
36
34
37
39
38
40
39
37
40
38
41
43
42
44
43
41
44
42
45
47
46
48
47
45
48
46
1
3
2
4
3
1
4
2
5
7
6
8
7
5
8
6
9
11
10
12
11
9
12
10
13
15
14
16
15
13
16
14
17
19
18
20
19
17
20
18
21
23
22
24
23
21
24
22
25
27
26
28
27
25
28
26
29
31
30
32
31
29
32
30
33
35
34
36
35
33
36
34
37
39
38
40
39
37
40
38
41
43
42
44
43
41
44
42
45
47
46
48
47
45
48
46
